$ANSIBLE_VAULT;1.1;AES256
64353039353533326262383366656262366561633361613761623561633936633363336566396533
6263383636326135656161356437663733346161393665350a633265383733336266353637623836
66646432346566323338623738366531366139386636373835326265313933656633313332656239
6331316237353762340a623735343065313766393237373639346434356533666332643630363539
34366132346561383335656637386264373765396436636135326131623435643736303461653439
62633136393938386562303761346530643936346366316132646137666436343430386633653962
66643963656433313364396266313635383961396434393932323130653562653731663631383732
37316262646532343838626563643762333633626663316433373862373034343437323165396665
35373330656235656432353466356566636534353734346364323966376337316538626339333333
36373535313365643437666331393637326564373737313935313839333236623564626361626431
64646462343466386630383536333138326236363265363561313432376265383333313130613630
61323165333263313766376561343433366565363030613433316334336330323061376132663036
61643661326666363331313566613165393434326531636566316538663334616337626433663366
39363139343662396337373764383963323638373133666538383131306363393861376136323861
61633835656438633562393965373863353338666332626439376639666435316139623438393334
32663961343233373039383064366566336535663864643637393534623832303130623533343466
61326535373665333532663565353732663731306133386132313462326336326663623239653738
30353564643738656531336563363862343738353433663539316431653664353463383665336361
64623862646163653131313363643662613639353933316363353132383664643037613631366661
61323032626366613366313237336663316531663532323065386364366533356261666165396161
34383037386463373130653539656239306439316361626664333462336565616531326631663835
33323664376563646531633163653432386262333962306364303966396330363839343535396266
36303263653130636433653139363331363163343931323166623732326538663136386334386637
39303331393431313938323731643632633035343962316261666564383034383965306430643237
30663934376463623262366131303865396363336561633131643936396131633162636535333339
35613064313231303332386532613335646363323764343666306666616233656165373566316234
31336338346539666366363339393863333331303331393261376335666137323039356361396562
62393435396536383636646639663763363761646131373066353437633334306432323137383366
38656334373639383538623038316166353963396263373138646334363736363635333566323034
37663262663338613833633233343666323333366337366664643632623963653562336438616637
32316233656261326234646462313334663330663637396330343530643633616538616438363938
36363431393534313164613736323465386366363864306137323136313063346439333233623563
61333932303865353261383434376334313864343235393336636534656562613466656334373337
64646231396466376662636365626564626537343137633138323432616234383738346334636164
30346630363166323739626565336432313236386339353630376165373562393437303535663235
65386330306634626439656536333362333963383638613731346432353437336161396634316534
62613562643639653366343561666434663934633465346662316161393236646235636133363639
63343533323961323831303232313463623432613432656433386361363762636462393836356461
34316263623036656436353830313030386638306335323462666636303635366531363333623737
34333530366563376162333438666633333231366130323961643232653461326631383339336334
37616665383165306266633536363630393838623432343365326233653436626466373462323430
30656339326333636230373932616234306236336566356236383431636665363261383663656235
37656530653163356339613632363139373562643537363764343962303933393264373665666437
39613737633065653665313165393339366232333437653031353730626131333339333631336436
32396465393331333636323937396234363934316234343433363635623162383761656166656664
30353764633732373036623837393930626437616166616635613533643733383462663263623765
30326236366136383439643430623437303061616433636332363839356530346237333832306235
66333438363831663431376161633266393137393537636232613636646637333836623061383533
35616663623632366662643330336565623666386237663763323666666361393666393564653537
30373262646366323761666264383831333036393563303535623232623566346434666533636134
39633738323734303763623061336637663862613961356139316266366462363231303437356539
64333762336532393866643537323339306531626333623363303730646133623632643461393461
65613365646666623239666666616435366336653336663565353332306361613730316265333835
34306636313561316439383937623064346239306163663035363738353731646264623435643032
61653338373064313665313335613761326565626130303036353938323262383363313631353939
37376639356430333262643261656230633434656266303536306636323966633739323834643838
35663436373266393462646364376132333536353039616539633533323861623566376365623438
62303165663435333063373034646332633162323639343538613532363534643466313862326465
62336638643066353531313630366432383366313339633363376462663434646430353062383764
35613035643465333130353335663831326634636532626365323930663461383936323133646563
66643664353864373862306330636138626263376562316564643263633161636566373964383665
65633536616333663162626631363163663534353734383830363262626230643536623265353038
62396265313431613332323938366239366462643039356332663738376562656335383631633361
64643666323362353834643533373333323266346232636661373861653562343230373430343031
61393864656630303465323730663633306361316630393432393038383838656235353337396563
38363462623362633530343734376530313663346531383938613831396465303835333861303836
61343038323932336339386137636134373363333936653365323939626463303030353534656666
35363038373566626438366433633734366233633761363636306537356237633361376562616438
32643433393032643762306264326262623064666133316530313266613838373261323763303866
36333739323366653439636563636562653432373131353036396363623266636237633161643962
33633038383437383834623166656432356562663165396463643066366435663262373739366237
63663736646635313430373464643162336631626635303762653534643665396338336265616465
31313935333363656664393666663438373238616534316634633635373961343264613032386134
63633530333934643839656162336262356262303065303364363533646530376163656139393262
35376139633039323139316433643566633839616566663561623761353439386537386166376563
66396635376666383264636365666164663137323030626662666433626430636464373235666635
36626331316236356237343434346233316630346237613031366561633330356436346435393663
30396266316634356237353038613461313031653962383162336139353065653130346165306531
35336661376261373032353833313661613362633232376234653832306466613239663539623265
35313662313632646135333361386436396365613033653438326434316565613261373030613537
61613866323066333939356536353730306138346565353333666132663030643763386130323938
31373034306265303038623566616535396163633262653565326162366166393737666132383633
32376537353365633032613066383134303663643263656432323537623366656535313637363438
64626532613261343436396232363563376330323363323537613533323165363865383464303630
38383962623564646537623330653330333531666536383035646137656266326239653438343364
30333066663330396338303365656464316335393036336636353230396632326136363330353863
65616561366563653862373064643132643939623832393330386132303162306139663231366136
66633334646263366333393636393262333830306638336432393363366463346134386462646130
32376132366364336336376462336664623432646139663065346263653633396633653036623365
64333736633963303534656562383638306334616236666434393162383730663738663263626565
35303431383131343832333761316465346631313662656233323264303064643639613962303766
65633639303866333465346439623634373838323137353832336332623462643562613763323230
30383039353637376534396566313336656363613165336431643863393432613732306337313362
32396664666334373966356136326635363032326332316533626132616361393862663337313430
62303039393638643463383036326264376230346166663133396633663735663239333666376437
37633031613838626338396431656530313938656662376565656233373030333966363039633633
39343864643464376262346436613637303036383662623837623734373266336235373562313637
62323632653561356332353234643239626266613235336162313136323864636461646139616238
64616461373264346235613865636534353931303230383131663062393339363033323132373366
35393864666335326332646638323862323032306266663633373131636263643665353335613535
37353934336336303333393438333535646462366232636538316461623935353034313639363633
66393133636635353765376661613762633134323836393035386233626237626435333134663031
30383934346464363135306262366663626632656439643839663233336336396437646463333537
35336263613766356564646663326436316132663035666663643561343033653661613865613964
65313436306637306262393637393162616566373936373639656539343635613362373966666637
65303035323766666632633964386535656430373637356530656530346533643061653333363334
64306366343034393636613336663338346336313361653635303631653666303434643232316562
39356638323238376136356633666265623964336533666533303934623862346534376663393939
66383163383564326664663735646234393538353265336634396465336235333935366234356636
39373934363638613837316638363936346137313632366661303530663566333061346436656536
32633232313561653862646234636432373865393933343765373663363561373039313234616161
66636332383461623838336430323937663334316565393766326364353361666161633266653737
66363035306130616663633334646437363630343565306431393730623766643462666638333565
64316232616531346235303962363663373636396539303232643639333364616133303837393261
61616137353137393034303966346632363434353939383038613330336436373838333262386137
36303664653136333064393262393965303239383232386362613166396531303032633735643266
37326164633662316639303035343662313936336335393665653963613731336238636161623965
31346434356430636235326533326464333465363430633135366539373364636330333336643030
65623437656366613939373766383361373763323632343733313365323734643634323063323735
38303765613033313539383136336638376461306265653961663531306531373434373332356131
36366561656630643433346161626163656336333831353032373130373633303430633766666663
33343365303063313934396138343566643664633435313265303063656262373136643239653936
61626565313530633236336137333462613737636635373639316435316137633330343664656534
34663664666132653532353165323666613961353563393636323530333835386430343338326161
30373263653337393666303431626162376664646632653762306436633530333232346539633063
39336438633538626537623763636361363765376131393463633061396632386330353162616230
31316566356264623230646332316439333532363962376565653063383833616232326431343839
39646265356439646261303931393534323865653232656433326332323535636637666437373834
32653530393730373062633166343538366534376464656136616332336138346330316565313432
65303537366561633138323131633763623862333034643136363236393965613134383132393262
61363836653562326137343235326636383838353464366164393533646462616166363930623964
64303564323565623135613933346631386333353332303733346465363262643066633164623262
61336130623331316661366165653565646562353364383862663831393166313737323932353937
64353034306666313438666563386166386238653539643366303831393965313038623632393231
37313338383565396534303533333736313439313132646463636361346639346362313334383733
64306333646665633466363230363432363463303331346263313530623237613834323363623164
38633239656132343832393930356463316134656464313637626564383133643933396232343562
32393066633363386166316538363363623363303831636539373962366336613436636664386137
36623062363932333930303238363564663638323834323438643830303039343539613534336436
30643538666563623135366266353536346632363431373638363230386437323164623262373936
33616636653165336432393439656237366231626435656532376338326130656235373361643438
36343562616139393565383737316165646333626535393561363939636636386333616533313562
34346234623333623662336536633766633935333334663265663539613932336131303537643566
36646665336331333135386466626333623735353765636262383439623931666330613065653239
31333436663234323966616335323336656636353737316362343739646463373361643465623861
64376561623438653931643636353761343031653439613934393336386465623335626666643035
62346166366433323233383133343231626539323833376232356438363661633537396337306634
35323431663030336239326236656464316334393930356437616561393039613539336339636232
61646166356430346638633464316664326661613734376438323465353733323362386338636639
33623361393332333766663736616261376264326162626239353364373736616637333930646232
66356464663765653531386231306363323263303235326661373565376130623632303732633666
64303736393765643239313330326232613939646661383366643835613338623232396265346530
31386266326566396137363364343030396336373663613631646439663036666137323962363634
39613465343736383063313262336538363737376539666638326231636563666332633036373538
38643834313565366331333764653962386138656138363165346137656163393132323635373338
61626661346632396436346334313834376232333562383562343931316537393839303839653037
33633362613131633632306439313431643631306331313166386266646437653063303962396436
64636665623661326539336138306233633536306431376133616561323732333939333762396165
36636466316561643933633061383434306631663832643133316533336638343466616536333163
39313636613265616461373630343165333135653034373438333933386639366539336238613830
39323738316431386534336466383438656265626333623564366134633932353031333336356261
62306364636237363061623133383731656633643831393131643236373064643132393639333963
37643164636335383134636331656234386266356434333066616135653965356634643466626466
39303536376435316535373336323764643862333564363836323334396536363536626432306665
37666633323663356231326137326438626365343561663035353862323031643238666161616536
64383639333235386166306134316464393338323363353565343665613530333131616231353632
64373732353433346535366161643531353136353732346333373537326530353666666633326536
66666531306162376230636565633935663034323664366565386164623063653665643730343330
39323639393030326237626463346437613663306466316565396530363536343439363137336133
30623039623764343737353061363836363562333232613537313430313537306466306332376463
35663061656534663335316135353731393861616261396163333833323139323765303530396534
32383939353765333261343735366563626639383662383833313561313537316433386364316135
64313435316239346334353139653435663830316364373435363636336236373938
